산악 구조를 위한 로봇이 있다. 연료 소모를 적게 하면서 조난자에게 이동하려고 한다.

N x N 정방형의 지도 정보가 주어지는데, 땅의 높이를 값으로 갖는다.








로봇은 상, 하, 좌, 우로만 이동할 수 있다.




현재 위치에서 높이가 같은 곳으로 이동할 때에는 연료가 1 소모되고, 낮은 곳으로 이동할 때에는 연료가 소모되지 않는다.




그리고 높은 곳으로 이동할 때에는, 높이 차의 두 배만큼 연료가 소모된다.

로봇의 출발지는 (1, 1)로 고정되어 있고, 조난자의 위치도 (N, N)로 고정된다.

조난자의 위치까지 최소 연료를 소비하는 경로를 찾고, 소모된 연료 값을 출력하는 프로그램을 작성하라.

 

[제약 사항]

1.     지도의 가로, 세로 길이 N은 4이상 30이하의 정수이다. (4 ≤ N ≤ 30)

2.     땅의 높이는 0이상 9이하의 정수이다.

3.     로봇은 대각선 방향으로 이동할 수 없다.

 



4.      

[예제 1]

아래와 같이 N이 4인 지도 정보가 주어진 경우를 살펴 보자.





이 경우에 최소 연료로 이동하는 경로는 다음과 같다. 9 -> 8 -> 7 -> 6 -> 5 -> 4까지는 연료가 소모되지 않고,

4 -> 5를 이동할 때는 높은 곳으로 이동하기 때문에 높이 차이인 1의 두 배가 소모되어 2가 소모된다. 따라서 총 소모 연료는 2가 된다.






[예제 2]

아래와 같이 N이 6인 지도 정보가 주어진 경우를 살펴 보자.





이 경우에 최소 연료로 이동하는 경로는 다음과 같다. 모두 높이가 같기 때문에 연료가 1씩 소모된다. 따라서 총 소모 연료는 16이 된다.









[입력]

가장 첫 줄에는 테스트 케이스의 개수 T가 주어지고, 그 아래로 각 테스트 케이스가 주어진다.

각 테스트 케이스의 첫 번째 줄에는 지도의 한 변의 길이 N이 주어진다.

그 다음 N x N의 높이 값이 주어진다. (0 ~ 9 값을 갖는 N x N 2차원 지도 정보)

 

[출력]

출력의 각 줄은 '#t'로 시작하고, 공백을 한 칸 둔 다음 정답을 출력한다.

(t는 테스트 케이스의 번호를 의미하며 1부터 시작한다.)

#1 2

#2 16

#3 32

#4 66

#5 93 


5
4
9 5 7 9
8 4 2 5
7 6 5 4
8 8 9 5
6
1 1 1 1 1 1
9 9 9 9 9 1
9 9 1 1 1 1
9 9 1 9 9 9
9 9 1 9 9 9
9 9 1 1 1 1
10
4 0 8 1 6 9 6 8 6 2
2 7 7 7 9 9 7 2 9 8
5 2 5 0 0 6 4 5 0 5
0 0 3 9 1 8 9 2 8 3
0 0 5 5 3 4 1 2 4 4
9 5 4 4 0 5 7 0 6 0
3 2 8 2 3 4 7 8 3 5
0 2 1 5 0 2 6 1 9 2
5 9 5 5 0 1 6 4 2 5
4 2 2 6 1 8 2 8 5 4
20
4 7 9 8 7 1 4 2 3 4 7 7 6 0 2 7 7 7 2 8
2 8 2 7 2 9 1 2 6 3 0 4 6 7 7 9 4 9 1 5
7 5 9 8 1 9 0 2 3 8 7 0 1 8 9 6 8 4 4 6
8 0 3 4 3 9 7 3 8 9 5 1 5 9 8 9 8 0 3 8
6 2 8 2 7 3 9 8 3 2 5 7 8 1 0 8 5 2 1 5
3 8 3 4 5 5 2 4 5 2 2 7 1 3 4 7 0 6 2 0
5 5 5 3 4 4 3 4 2 4 5 8 8 9 5 2 1 1 6 4
2 2 8 1 1 8 7 7 5 1 4 3 4 9 3 1 6 2 1 0
4 3 3 8 9 1 5 5 2 4 5 9 6 5 9 4 2 8 0 6
3 6 7 2 5 1 1 0 9 2 7 3 8 8 9 3 5 2 4 6
4 1 9 8 6 5 4 1 8 2 2 7 8 1 3 3 8 0 7 8
7 7 5 5 2 1 3 2 8 1 1 3 5 7 1 8 3 5 4 6
3 5 1 1 4 8 1 9 1 1 3 4 6 8 6 7 0 7 3 2
0 3 7 3 3 5 4 7 7 7 7 8 3 7 3 6 4 0 8 2
3 6 3 1 8 2 8 7 5 9 2 1 4 1 6 1 3 8 6 3
8 4 6 2 3 0 9 1 2 5 7 1 0 2 1 8 5 6 0 6
2 2 1 8 0 6 2 5 8 9 8 0 8 8 3 2 0 3 4 8
4 2 2 4 5 2 1 6 6 3 1 4 1 7 5 9 6 7 1 3
2 4 3 8 5 6 3 5 0 6 3 1 2 1 9 8 8 3 9 7
2 1 9 9 0 3 4 2 1 7 9 7 9 6 5 6 1 1 9 6
30
1 8 8 5 8 8 7 5 5 5 2 6 7 4 9 6 0 5 6 9 9 5 9 0 6 8 8 1 7 4
2 7 7 9 9 6 5 7 9 7 6 6 8 2 5 5 3 5 0 3 2 3 5 4 3 7 1 1 4 1
5 9 8 9 1 2 0 0 7 8 8 2 6 4 4 3 2 9 5 0 5 7 8 6 5 2 1 8 4 5
3 5 7 0 1 1 4 5 7 8 4 5 4 7 2 3 2 4 5 0 1 3 8 1 8 0 6 7 3 5
5 0 2 4 3 0 9 8 0 3 0 2 2 8 2 3 7 9 4 1 0 4 9 5 8 6 7 2 0 6
5 5 8 0 8 7 4 2 3 5 2 2 4 4 5 2 0 4 3 0 4 3 4 7 4 9 7 8 9 2
1 7 1 9 3 3 4 1 5 4 7 4 9 1 6 9 0 4 4 5 7 4 3 9 6 5 3 4 6 5
8 3 5 5 9 3 0 5 3 3 8 7 1 4 3 9 0 0 6 0 3 0 5 4 8 1 9 7 4 1
2 3 1 7 3 0 2 2 9 7 6 0 6 7 6 3 5 8 8 9 2 1 5 5 2 7 2 1 1 3
9 5 9 4 2 5 7 1 5 2 8 5 1 8 9 6 0 7 4 4 0 4 2 5 8 1 1 1 6 8
6 9 1 5 2 6 4 9 3 2 5 0 4 3 0 0 6 7 6 5 6 6 9 2 4 4 7 1 2 9
9 3 2 5 2 1 8 9 7 7 8 1 0 0 0 5 1 8 8 9 5 8 8 5 3 5 7 6 0 5
2 1 6 0 5 7 8 2 9 0 5 1 5 6 4 1 9 5 3 8 1 3 0 4 1 9 4 8 4 1
5 2 6 9 8 7 7 3 3 8 8 1 7 3 6 1 4 8 9 9 9 8 4 6 1 5 3 5 5 1
0 9 1 0 8 9 2 1 6 1 2 9 4 3 7 8 7 7 8 8 8 9 7 8 9 2 1 2 4 3
8 8 4 6 2 0 1 8 8 6 6 0 9 0 1 2 2 6 9 7 2 8 3 9 1 1 7 7 1 5
9 1 2 8 4 7 1 6 2 2 6 7 9 4 0 2 9 7 2 6 6 7 7 0 3 3 9 4 7 8
9 1 5 5 6 4 4 6 6 7 7 4 7 9 8 2 9 7 5 9 3 6 8 8 9 7 0 4 4 4
0 5 1 2 9 9 5 0 5 3 1 6 1 1 5 9 0 4 4 1 4 2 2 7 7 6 5 3 5 8
0 7 4 6 6 2 4 5 1 6 0 8 5 9 8 7 8 2 2 3 0 9 1 3 1 3 4 9 9 5
3 6 5 2 7 7 6 6 2 5 8 9 7 9 0 5 9 7 5 8 4 7 4 3 4 6 6 6 0 3
3 9 6 1 6 0 7 6 5 1 3 6 0 5 7 4 8 0 9 8 2 6 4 7 1 4 5 5 6 4
1 0 2 0 9 0 2 8 2 3 6 3 8 2 2 7 7 1 0 5 6 5 7 2 7 1 1 6 6 5
3 8 0 7 2 9 1 2 9 7 0 2 9 8 6 7 5 0 1 3 7 2 5 7 7 7 4 4 8 7
7 2 3 8 6 6 7 2 8 9 9 0 4 6 2 7 5 5 0 9 1 1 7 6 3 6 3 7 8 8
5 7 6 4 9 7 3 0 4 6 9 8 6 8 5 7 8 6 6 2 5 3 2 9 8 0 2 3 5 7
3 2 4 2 7 1 9 6 0 6 5 5 3 1 6 1 4 3 4 6 8 6 1 6 6 2 6 9 0 2
9 2 9 0 9 5 2 7 4 7 7 6 0 6 2 7 9 6 5 4 4 8 3 9 0 5 1 0 3 0
2 9 7 6 6 4 3 5 3 3 6 2 9 4 0 1 8 4 5 6 8 6 8 9 4 4 2 2 3 7
4 8 9 6 6 0 0 0 0 6 0 2 5 5 9 2 8 5 4 1 4 6 2 3 8 6 6 6 0 6